# k Random Keyword BM25 TF-IDF KG-Text KG-Full KG-Hyb
1.0000 0.0216 0.5121 0.5669 0.4932 0.5121 0.4516 0.5680
2.0000 0.0397 0.6597 0.7068 0.6680 0.6597 0.5733 0.7296
3.0000 0.0613 0.7323 0.7749 0.7495 0.7323 0.6421 0.8059
4.0000 0.0900 0.7875 0.8213 0.7958 0.7875 0.6855 0.8407
5.0000 0.1067 0.8141 0.8537 0.8397 0.8141 0.7017 0.8682
6.0000 0.1169 0.8486 0.8635 0.8593 0.8486 0.7161 0.8810
7.0000 0.1462 0.8649 0.8817 0.8633 0.8649 0.7287 0.8923
8.0000 0.1804 0.8783 0.8932 0.8752 0.8783 0.7410 0.9003
9.0000 0.1950 0.8876 0.9034 0.8877 0.8876 0.7454 0.9055
10.0000 0.2174 0.8990 0.9064 0.8938 0.8990 0.7559 0.9168